####Energy  (eV/C)
###1+c/a
##Position  (Fractional  Coordinates)
#DATA1      0.00000000      1.00000000 
     0.00000000     25.00000000     37.50000000 
     1.00000000     20.25000000     20.75625000 
     2.00000000     16.00000000      9.60000000 
     3.00000000     12.25000000      2.75625000 
     4.00000000      9.00000000     -0.90000000 
     5.00000000      6.25000000     -2.34375000 
     6.00000000      4.00000000     -2.40000000 
     7.00000000      2.25000000     -1.74375000 
     8.00000000      1.00000000     -0.90000000 
     9.00000000      0.25000000     -0.24375000 
    10.00000000      0.00000000      0.00000000 
    11.00000000      0.25000000     -0.24375000 
    12.00000000      1.00000000     -0.90000000 
    13.00000000      2.25000000     -1.74375000 
    14.00000000      4.00000000     -2.40000000 
    15.00000000      6.25000000     -2.34375000 
    16.00000000      9.00000000     -0.90000000 
    17.00000000     12.25000000      2.75625000 
    18.00000000     16.00000000      9.60000000 
    19.00000000     20.25000000     20.75625000 
    20.00000000     25.00000000     37.50000000 
#DATA2      0.00000000      1.00000000 
     0.00000000     1.00000000     1.00000000 
     1.00000000     1.00000000     1.00000000 
     2.00000000     1.00000000     1.00000000 
     3.00000000     1.00000000     1.00000000 
     4.00000000     1.00000000     1.00000000 
     5.00000000     1.00000000     1.00000000 
     6.00000000     1.00000000     1.00000000 
     7.00000000     1.00000000     1.00000000 
     8.00000000     1.00000000     1.00000000 
     9.00000000     1.00000000     1.00000000 
    10.00000000     1.00000000     1.00000000 
    11.00000000     1.00000000     1.00000000 
    12.00000000     1.00000000     1.00000000 
    13.00000000     1.00000000     1.00000000 
    14.00000000     1.00000000     1.00000000 
    15.00000000     1.00000000     1.00000000 
    16.00000000     1.00000000     1.00000000 
    17.00000000     1.00000000     1.00000000 
    18.00000000     1.00000000     1.00000000 
    19.00000000     1.00000000     1.00000000 
    20.00000000     1.00000000     1.00000000 
#DATA3      0.00000000      1.00000000 
     0.00000000     100.00000000     -10.00000000 
     1.00000000     100.00000000     -10.00000000 
     2.00000000     100.00000000     -10.00000000 
     3.00000000     100.00000000     -10.00000000 
     4.00000000     100.00000000     -10.00000000 
     5.00000000     100.00000000     -10.00000000 
     6.00000000     100.00000000     -10.00000000 
     7.00000000     100.00000000     -10.00000000 
     8.00000000     100.00000000     -10.00000000 
     9.00000000     100.00000000     -10.00000000 
    10.00000000     100.00000000     -10.00000000 
    11.00000000     100.00000000     -10.00000000 
    12.00000000     100.00000000     -10.00000000 
    13.00000000     100.00000000     -10.00000000 
    14.00000000     100.00000000     -10.00000000 
    15.00000000     100.00000000     -10.00000000 
    16.00000000     100.00000000     -10.00000000 
    17.00000000     100.00000000     -10.00000000 
    18.00000000     100.00000000     -10.00000000 
    19.00000000     100.00000000     -10.00000000 
    20.00000000     100.00000000     -10.00000000 
