####Energy  (eV/C)
###1+c/a 
##Position  (Fractional  Coordinates)
#DATA1           0            1
0           25.0         37.5
1           20.25        20.75625
2           16.0         9.600000000000001
3           12.25        2.7562500000000014
4           9.0          -0.9000000000000004
5           6.25         -2.34375
6           4.0          -2.4
7           2.25         -1.74375
8           1.0          -0.9
9           0.25         -0.24375
10          0.0          0.0
11          0.25         -0.24375
12          1.0          -0.9
13          2.25         -1.74375
14          4.0          -2.4
15          6.25         -2.34375
16          9.0          -0.9000000000000004
17          12.25        2.7562500000000014
18          16.0         9.600000000000001
19          20.25        20.75625
20          25.0         37.5
